colors = 10

[
    [(255,255,0), (153,0,0), (0,255,0), (255,128,0)],
    [(255,0,0), (0,0,102), (153,0,153), (102,102,0)],
    [(0,255,255), (204,0,102), (255,255,0), (153,0,0)],
    [(0,255,0), (255,128,0), (255,0,0), (0,0,102)],
    [(153,0,153), (102,102,0), (0,255,255), (204,0,102)],
    [(255,255,0), (153,0,0), (0,255,0), (255,128,0)],
    [(255,0,0), (0,0,102), (153,0,153), (102,102,0)],
    [(0,255,255), (204,0,102), (255,255,0), (153,0,0)],
    [(0,255,0), (255,128,0), (255,0,0), (0,0,102)],
    [(153,0,153), (102,102,0), (0,255,255), (204,0,102)],
    [(255,255,255), (255,255,255), (255,255,255), (255,255,255)],
    [(255,255,255), (255,255,255), (255,255,255), (255,255,255)]
]