colors = 7

[
    [(255,255,0), (255,0,0), (0,255,0), (0,255,255)],
    [(153,0,153), (204,0,102), (102,102,0), (255,255,0)],
    [(255,0,0), (0,255,0), (0,255,255), (153,0,153)],
    [(204,0,102), (102,102,0), (255,255,0), (255,0,0)],
    [(0,255,0), (0,255,255), (153,0,153), (204,0,102)],
    [(102,102,0), (255,255,0), (255,0,0), (0,255,0)],
    [(0,255,255), (153,0,153), (204,0,102), (102,102,0)],
    [(255,255,255), (255,255,255), (255,255,255), (255,255,255)],
    [(255,255,255), (255,255,255), (255,255,255), (255,255,255)]
]